%YAML:1.0
---
camera_matrix: !!opencv-matrix
   rows: 3
   cols: 3
   dt: d
   data: [ 4.8722749669277385e+02, 0., 3.5257314398730438e+02, 0.,
       4.8722749669277385e+02, 2.9591262562320856e+02, 0., 0., 1. ]
distortion_coefficients: !!opencv-matrix
   rows: 5
   cols: 1
   dt: d
   data: [ 3.3619899868219572e-01, -1.9265120991340516e+00,
       4.5648966594840232e-02, -3.8189615651860027e-02,
       3.3924250094918982e+00 ]
