%YAML:1.0
---
camera_matrix: !!opencv-matrix
   rows: 3
   cols: 3
   dt: d
   data: [ 3.6462606768529145e+02, 0., 4.0625102913029838e+02, 0.,
       3.6462606768529145e+02, 1.9267471926769076e+02, 0., 0., 1. ]
distortion_coefficients: !!opencv-matrix
   rows: 5
   cols: 1
   dt: d
   data: [ -2.3334932392444532e-01, 1.5673092710253697e-01,
       -1.0806506844577811e-03, -2.3831123778460455e-02,
       -6.1365900230363597e-02 ]
