{
 "cells": [
  {
   "cell_type": "code",
   "execution_count": 1,
   "id": "3d25ffd8",
   "metadata": {},
   "outputs": [],
   "source": [
    "import sys\n",
    "import torch\n",
    "import torch.nn as nn\n",
    "import torch.nn.functional as F\n",
    "import torch.optim as optim\n",
    "import torchvision\n",
    "import matplotlib.pyplot as plt\n",
    "import matplotlib.image as mpimg\n",
    "import matplotlib\n",
    "from PIL import Image\n",
    "import cv2\n",
    "import pandas as pd\n",
    "import numpy as np\n",
    "import warnings\n",
    "warnings.filterwarnings(\"ignore\")\n",
    "import os\n",
    "os.environ[\"KMP_DUPLICATE_LIB_OK\"]=\"TRUE\""
   ]
  },
  {
   "cell_type": "code",
   "execution_count": 2,
   "id": "e5dd928f",
   "metadata": {},
   "outputs": [
    {
     "data": {
      "text/html": [
       "<div>\n",
       "<style scoped>\n",
       "    .dataframe tbody tr th:only-of-type {\n",
       "        vertical-align: middle;\n",
       "    }\n",
       "\n",
       "    .dataframe tbody tr th {\n",
       "        vertical-align: top;\n",
       "    }\n",
       "\n",
       "    .dataframe thead th {\n",
       "        text-align: right;\n",
       "    }\n",
       "</style>\n",
       "<table border=\"1\" class=\"dataframe\">\n",
       "  <thead>\n",
       "    <tr style=\"text-align: right;\">\n",
       "      <th></th>\n",
       "      <th>Unnamed: 0</th>\n",
       "      <th>Epochs</th>\n",
       "      <th>Batch Size</th>\n",
       "      <th>Learning Rate</th>\n",
       "      <th>Dropout Rate</th>\n",
       "      <th>FC1 Nodes</th>\n",
       "      <th>Accuracy</th>\n",
       "      <th>train_losses</th>\n",
       "      <th>train_counter</th>\n",
       "      <th>test_losses</th>\n",
       "      <th>test_counter</th>\n",
       "    </tr>\n",
       "  </thead>\n",
       "  <tbody>\n",
       "    <tr>\n",
       "      <th>0</th>\n",
       "      <td>0</td>\n",
       "      <td>3</td>\n",
       "      <td>32</td>\n",
       "      <td>0.001</td>\n",
       "      <td>0.2</td>\n",
       "      <td>10</td>\n",
       "      <td>65.699997</td>\n",
       "      <td>[2.3779895305633545, 2.298424482345581, 2.2997...</td>\n",
       "      <td>[0, 640, 1280, 1920, 2560, 3200, 3840, 4480, 5...</td>\n",
       "      <td>[2.3217968017578126, 1.7890741333007814, 1.284...</td>\n",
       "      <td>[0, 60000, 120000, 180000, 240000, 300000, 360...</td>\n",
       "    </tr>\n",
       "    <tr>\n",
       "      <th>1</th>\n",
       "      <td>1</td>\n",
       "      <td>6</td>\n",
       "      <td>32</td>\n",
       "      <td>0.001</td>\n",
       "      <td>0.2</td>\n",
       "      <td>10</td>\n",
       "      <td>71.620003</td>\n",
       "      <td>[2.3779895305633545, 2.298424482345581, 2.2997...</td>\n",
       "      <td>[0, 640, 1280, 1920, 2560, 3200, 3840, 4480, 5...</td>\n",
       "      <td>[2.3217968017578126, 1.7890741333007814, 1.284...</td>\n",
       "      <td>[0, 60000, 120000, 180000, 240000, 300000, 360...</td>\n",
       "    </tr>\n",
       "    <tr>\n",
       "      <th>2</th>\n",
       "      <td>2</td>\n",
       "      <td>9</td>\n",
       "      <td>32</td>\n",
       "      <td>0.001</td>\n",
       "      <td>0.2</td>\n",
       "      <td>10</td>\n",
       "      <td>74.900002</td>\n",
       "      <td>[2.3779895305633545, 2.298424482345581, 2.2997...</td>\n",
       "      <td>[0, 640, 1280, 1920, 2560, 3200, 3840, 4480, 5...</td>\n",
       "      <td>[2.3217968017578126, 1.7890741333007814, 1.284...</td>\n",
       "      <td>[0, 60000, 120000, 180000, 240000, 300000, 360...</td>\n",
       "    </tr>\n",
       "    <tr>\n",
       "      <th>3</th>\n",
       "      <td>3</td>\n",
       "      <td>3</td>\n",
       "      <td>32</td>\n",
       "      <td>0.001</td>\n",
       "      <td>0.2</td>\n",
       "      <td>30</td>\n",
       "      <td>72.269997</td>\n",
       "      <td>[2.3386623859405518, 2.3343656063079834, 2.347...</td>\n",
       "      <td>[0, 640, 1280, 1920, 2560, 3200, 3840, 4480, 5...</td>\n",
       "      <td>[2.312999560546875, 1.1253486328125, 0.8473098...</td>\n",
       "      <td>[0, 60000, 120000, 180000, 240000, 300000, 360...</td>\n",
       "    </tr>\n",
       "    <tr>\n",
       "      <th>4</th>\n",
       "      <td>4</td>\n",
       "      <td>6</td>\n",
       "      <td>32</td>\n",
       "      <td>0.001</td>\n",
       "      <td>0.2</td>\n",
       "      <td>30</td>\n",
       "      <td>75.629997</td>\n",
       "      <td>[2.3386623859405518, 2.3343656063079834, 2.347...</td>\n",
       "      <td>[0, 640, 1280, 1920, 2560, 3200, 3840, 4480, 5...</td>\n",
       "      <td>[2.312999560546875, 1.1253486328125, 0.8473098...</td>\n",
       "      <td>[0, 60000, 120000, 180000, 240000, 300000, 360...</td>\n",
       "    </tr>\n",
       "    <tr>\n",
       "      <th>...</th>\n",
       "      <td>...</td>\n",
       "      <td>...</td>\n",
       "      <td>...</td>\n",
       "      <td>...</td>\n",
       "      <td>...</td>\n",
       "      <td>...</td>\n",
       "      <td>...</td>\n",
       "      <td>...</td>\n",
       "      <td>...</td>\n",
       "      <td>...</td>\n",
       "      <td>...</td>\n",
       "    </tr>\n",
       "    <tr>\n",
       "      <th>103</th>\n",
       "      <td>103</td>\n",
       "      <td>6</td>\n",
       "      <td>256</td>\n",
       "      <td>0.010</td>\n",
       "      <td>1.0</td>\n",
       "      <td>30</td>\n",
       "      <td>10.230000</td>\n",
       "      <td>[2.3041088581085205, 2.3246684074401855, 2.309...</td>\n",
       "      <td>[0, 640, 1280, 1920, 2560, 3200, 3840, 4480, 5...</td>\n",
       "      <td>[2.312999560546875, 2.30888603515625, 2.307604...</td>\n",
       "      <td>[0, 60000, 120000, 180000, 240000, 300000, 360...</td>\n",
       "    </tr>\n",
       "    <tr>\n",
       "      <th>104</th>\n",
       "      <td>104</td>\n",
       "      <td>9</td>\n",
       "      <td>256</td>\n",
       "      <td>0.010</td>\n",
       "      <td>1.0</td>\n",
       "      <td>30</td>\n",
       "      <td>10.210000</td>\n",
       "      <td>[2.3041088581085205, 2.3246684074401855, 2.309...</td>\n",
       "      <td>[0, 640, 1280, 1920, 2560, 3200, 3840, 4480, 5...</td>\n",
       "      <td>[2.312999560546875, 2.30888603515625, 2.307604...</td>\n",
       "      <td>[0, 60000, 120000, 180000, 240000, 300000, 360...</td>\n",
       "    </tr>\n",
       "    <tr>\n",
       "      <th>105</th>\n",
       "      <td>105</td>\n",
       "      <td>3</td>\n",
       "      <td>256</td>\n",
       "      <td>0.010</td>\n",
       "      <td>1.0</td>\n",
       "      <td>50</td>\n",
       "      <td>11.460000</td>\n",
       "      <td>[2.303673267364502, 2.3031933307647705, 2.3070...</td>\n",
       "      <td>[0, 640, 1280, 1920, 2560, 3200, 3840, 4480, 5...</td>\n",
       "      <td>[2.3021302978515625, 2.3005751708984374, 2.300...</td>\n",
       "      <td>[0, 60000, 120000, 180000, 240000, 300000, 360...</td>\n",
       "    </tr>\n",
       "    <tr>\n",
       "      <th>106</th>\n",
       "      <td>106</td>\n",
       "      <td>6</td>\n",
       "      <td>256</td>\n",
       "      <td>0.010</td>\n",
       "      <td>1.0</td>\n",
       "      <td>50</td>\n",
       "      <td>11.860000</td>\n",
       "      <td>[2.303673267364502, 2.3031933307647705, 2.3070...</td>\n",
       "      <td>[0, 640, 1280, 1920, 2560, 3200, 3840, 4480, 5...</td>\n",
       "      <td>[2.3021302978515625, 2.3005751708984374, 2.300...</td>\n",
       "      <td>[0, 60000, 120000, 180000, 240000, 300000, 360...</td>\n",
       "    </tr>\n",
       "    <tr>\n",
       "      <th>107</th>\n",
       "      <td>107</td>\n",
       "      <td>9</td>\n",
       "      <td>256</td>\n",
       "      <td>0.010</td>\n",
       "      <td>1.0</td>\n",
       "      <td>50</td>\n",
       "      <td>12.110000</td>\n",
       "      <td>[2.303673267364502, 2.3031933307647705, 2.3070...</td>\n",
       "      <td>[0, 640, 1280, 1920, 2560, 3200, 3840, 4480, 5...</td>\n",
       "      <td>[2.3021302978515625, 2.3005751708984374, 2.300...</td>\n",
       "      <td>[0, 60000, 120000, 180000, 240000, 300000, 360...</td>\n",
       "    </tr>\n",
       "  </tbody>\n",
       "</table>\n",
       "<p>108 rows × 11 columns</p>\n",
       "</div>"
      ],
      "text/plain": [
       "     Unnamed: 0  Epochs  Batch Size  Learning Rate  Dropout Rate  FC1 Nodes  \\\n",
       "0             0       3          32          0.001           0.2         10   \n",
       "1             1       6          32          0.001           0.2         10   \n",
       "2             2       9          32          0.001           0.2         10   \n",
       "3             3       3          32          0.001           0.2         30   \n",
       "4             4       6          32          0.001           0.2         30   \n",
       "..          ...     ...         ...            ...           ...        ...   \n",
       "103         103       6         256          0.010           1.0         30   \n",
       "104         104       9         256          0.010           1.0         30   \n",
       "105         105       3         256          0.010           1.0         50   \n",
       "106         106       6         256          0.010           1.0         50   \n",
       "107         107       9         256          0.010           1.0         50   \n",
       "\n",
       "      Accuracy                                       train_losses  \\\n",
       "0    65.699997  [2.3779895305633545, 2.298424482345581, 2.2997...   \n",
       "1    71.620003  [2.3779895305633545, 2.298424482345581, 2.2997...   \n",
       "2    74.900002  [2.3779895305633545, 2.298424482345581, 2.2997...   \n",
       "3    72.269997  [2.3386623859405518, 2.3343656063079834, 2.347...   \n",
       "4    75.629997  [2.3386623859405518, 2.3343656063079834, 2.347...   \n",
       "..         ...                                                ...   \n",
       "103  10.230000  [2.3041088581085205, 2.3246684074401855, 2.309...   \n",
       "104  10.210000  [2.3041088581085205, 2.3246684074401855, 2.309...   \n",
       "105  11.460000  [2.303673267364502, 2.3031933307647705, 2.3070...   \n",
       "106  11.860000  [2.303673267364502, 2.3031933307647705, 2.3070...   \n",
       "107  12.110000  [2.303673267364502, 2.3031933307647705, 2.3070...   \n",
       "\n",
       "                                         train_counter  \\\n",
       "0    [0, 640, 1280, 1920, 2560, 3200, 3840, 4480, 5...   \n",
       "1    [0, 640, 1280, 1920, 2560, 3200, 3840, 4480, 5...   \n",
       "2    [0, 640, 1280, 1920, 2560, 3200, 3840, 4480, 5...   \n",
       "3    [0, 640, 1280, 1920, 2560, 3200, 3840, 4480, 5...   \n",
       "4    [0, 640, 1280, 1920, 2560, 3200, 3840, 4480, 5...   \n",
       "..                                                 ...   \n",
       "103  [0, 640, 1280, 1920, 2560, 3200, 3840, 4480, 5...   \n",
       "104  [0, 640, 1280, 1920, 2560, 3200, 3840, 4480, 5...   \n",
       "105  [0, 640, 1280, 1920, 2560, 3200, 3840, 4480, 5...   \n",
       "106  [0, 640, 1280, 1920, 2560, 3200, 3840, 4480, 5...   \n",
       "107  [0, 640, 1280, 1920, 2560, 3200, 3840, 4480, 5...   \n",
       "\n",
       "                                           test_losses  \\\n",
       "0    [2.3217968017578126, 1.7890741333007814, 1.284...   \n",
       "1    [2.3217968017578126, 1.7890741333007814, 1.284...   \n",
       "2    [2.3217968017578126, 1.7890741333007814, 1.284...   \n",
       "3    [2.312999560546875, 1.1253486328125, 0.8473098...   \n",
       "4    [2.312999560546875, 1.1253486328125, 0.8473098...   \n",
       "..                                                 ...   \n",
       "103  [2.312999560546875, 2.30888603515625, 2.307604...   \n",
       "104  [2.312999560546875, 2.30888603515625, 2.307604...   \n",
       "105  [2.3021302978515625, 2.3005751708984374, 2.300...   \n",
       "106  [2.3021302978515625, 2.3005751708984374, 2.300...   \n",
       "107  [2.3021302978515625, 2.3005751708984374, 2.300...   \n",
       "\n",
       "                                          test_counter  \n",
       "0    [0, 60000, 120000, 180000, 240000, 300000, 360...  \n",
       "1    [0, 60000, 120000, 180000, 240000, 300000, 360...  \n",
       "2    [0, 60000, 120000, 180000, 240000, 300000, 360...  \n",
       "3    [0, 60000, 120000, 180000, 240000, 300000, 360...  \n",
       "4    [0, 60000, 120000, 180000, 240000, 300000, 360...  \n",
       "..                                                 ...  \n",
       "103  [0, 60000, 120000, 180000, 240000, 300000, 360...  \n",
       "104  [0, 60000, 120000, 180000, 240000, 300000, 360...  \n",
       "105  [0, 60000, 120000, 180000, 240000, 300000, 360...  \n",
       "106  [0, 60000, 120000, 180000, 240000, 300000, 360...  \n",
       "107  [0, 60000, 120000, 180000, 240000, 300000, 360...  \n",
       "\n",
       "[108 rows x 11 columns]"
      ]
     },
     "execution_count": 2,
     "metadata": {},
     "output_type": "execute_result"
    }
   ],
   "source": [
    "df = pd.read_csv(\"Task4.csv\")\n",
    "df"
   ]
  },
  {
   "cell_type": "code",
   "execution_count": 3,
   "id": "ce00fc9f",
   "metadata": {},
   "outputs": [],
   "source": [
    "def meanGB(df):\n",
    "    l = [\"Epochs\", \"Batch Size\", \"Learning Rate\", \"Dropout Rate\", \"FC1 Nodes\"]\n",
    "    for i in l:\n",
    "        print(df.groupby(by = i)[\"Accuracy\"].mean(), \"\\n\")\n",
    "        print(df.groupby(by = i)[\"Accuracy\"].median(), \"\\n\")"
   ]
  },
  {
   "cell_type": "code",
   "execution_count": 4,
   "id": "7a39741d",
   "metadata": {},
   "outputs": [
    {
     "name": "stdout",
     "output_type": "stream",
     "text": [
      "Epochs\n",
      "3    44.325278\n",
      "6    50.091944\n",
      "9    52.657500\n",
      "Name: Accuracy, dtype: float64 \n",
      "\n",
      "Epochs\n",
      "3    51.139999\n",
      "6    66.599998\n",
      "9    70.260002\n",
      "Name: Accuracy, dtype: float64 \n",
      "\n",
      "Batch Size\n",
      "32     55.107037\n",
      "256    42.942777\n",
      "Name: Accuracy, dtype: float64 \n",
      "\n",
      "Batch Size\n",
      "32     73.835003\n",
      "256    43.809999\n",
      "Name: Accuracy, dtype: float64 \n",
      "\n",
      "Learning Rate\n",
      "0.001    42.880926\n",
      "0.010    55.168888\n",
      "Name: Accuracy, dtype: float64 \n",
      "\n",
      "Learning Rate\n",
      "0.001    43.809999\n",
      "0.010    74.160000\n",
      "Name: Accuracy, dtype: float64 \n",
      "\n",
      "Dropout Rate\n",
      "0.2    69.049721\n",
      "0.5    67.380556\n",
      "1.0    10.644445\n",
      "Name: Accuracy, dtype: float64 \n",
      "\n",
      "Dropout Rate\n",
      "0.2    74.730000\n",
      "0.5    73.835003\n",
      "1.0    10.445000\n",
      "Name: Accuracy, dtype: float64 \n",
      "\n",
      "FC1 Nodes\n",
      "10    43.488611\n",
      "30    50.777499\n",
      "50    52.808611\n",
      "Name: Accuracy, dtype: float64 \n",
      "\n",
      "FC1 Nodes\n",
      "10    52.350000\n",
      "30    68.630001\n",
      "50    69.200001\n",
      "Name: Accuracy, dtype: float64 \n",
      "\n"
     ]
    }
   ],
   "source": [
    "meanGB(df)"
   ]
  },
  {
   "cell_type": "code",
   "execution_count": 5,
   "id": "dec714db",
   "metadata": {},
   "outputs": [
    {
     "data": {
      "text/html": [
       "<div>\n",
       "<style scoped>\n",
       "    .dataframe tbody tr th:only-of-type {\n",
       "        vertical-align: middle;\n",
       "    }\n",
       "\n",
       "    .dataframe tbody tr th {\n",
       "        vertical-align: top;\n",
       "    }\n",
       "\n",
       "    .dataframe thead th {\n",
       "        text-align: right;\n",
       "    }\n",
       "</style>\n",
       "<table border=\"1\" class=\"dataframe\">\n",
       "  <thead>\n",
       "    <tr style=\"text-align: right;\">\n",
       "      <th></th>\n",
       "      <th>Unnamed: 0</th>\n",
       "      <th>Epochs</th>\n",
       "      <th>Batch Size</th>\n",
       "      <th>Learning Rate</th>\n",
       "      <th>Dropout Rate</th>\n",
       "      <th>FC1 Nodes</th>\n",
       "      <th>Accuracy</th>\n",
       "      <th>train_losses</th>\n",
       "      <th>train_counter</th>\n",
       "      <th>test_losses</th>\n",
       "      <th>test_counter</th>\n",
       "    </tr>\n",
       "  </thead>\n",
       "  <tbody>\n",
       "    <tr>\n",
       "      <th>35</th>\n",
       "      <td>35</td>\n",
       "      <td>9</td>\n",
       "      <td>32</td>\n",
       "      <td>0.010</td>\n",
       "      <td>0.2</td>\n",
       "      <td>50</td>\n",
       "      <td>87.860001</td>\n",
       "      <td>[2.3274571895599365, 2.2662808895111084, 2.290...</td>\n",
       "      <td>[0, 640, 1280, 1920, 2560, 3200, 3840, 4480, 5...</td>\n",
       "      <td>[2.3021302978515625, 0.5811319152832031, 0.487...</td>\n",
       "      <td>[0, 60000, 120000, 180000, 240000, 300000, 360...</td>\n",
       "    </tr>\n",
       "    <tr>\n",
       "      <th>32</th>\n",
       "      <td>32</td>\n",
       "      <td>9</td>\n",
       "      <td>32</td>\n",
       "      <td>0.010</td>\n",
       "      <td>0.2</td>\n",
       "      <td>30</td>\n",
       "      <td>86.769997</td>\n",
       "      <td>[2.3386623859405518, 2.3225855827331543, 2.328...</td>\n",
       "      <td>[0, 640, 1280, 1920, 2560, 3200, 3840, 4480, 5...</td>\n",
       "      <td>[2.312999560546875, 0.6073333923339844, 0.5137...</td>\n",
       "      <td>[0, 60000, 120000, 180000, 240000, 300000, 360...</td>\n",
       "    </tr>\n",
       "    <tr>\n",
       "      <th>34</th>\n",
       "      <td>34</td>\n",
       "      <td>6</td>\n",
       "      <td>32</td>\n",
       "      <td>0.010</td>\n",
       "      <td>0.2</td>\n",
       "      <td>50</td>\n",
       "      <td>86.650002</td>\n",
       "      <td>[2.3274571895599365, 2.2662808895111084, 2.290...</td>\n",
       "      <td>[0, 640, 1280, 1920, 2560, 3200, 3840, 4480, 5...</td>\n",
       "      <td>[2.3021302978515625, 0.5811319152832031, 0.487...</td>\n",
       "      <td>[0, 60000, 120000, 180000, 240000, 300000, 360...</td>\n",
       "    </tr>\n",
       "    <tr>\n",
       "      <th>44</th>\n",
       "      <td>44</td>\n",
       "      <td>9</td>\n",
       "      <td>32</td>\n",
       "      <td>0.010</td>\n",
       "      <td>0.5</td>\n",
       "      <td>50</td>\n",
       "      <td>86.510002</td>\n",
       "      <td>[2.3311424255371094, 2.287510395050049, 2.2955...</td>\n",
       "      <td>[0, 640, 1280, 1920, 2560, 3200, 3840, 4480, 5...</td>\n",
       "      <td>[2.3021302978515625, 0.6238296569824219, 0.537...</td>\n",
       "      <td>[0, 60000, 120000, 180000, 240000, 300000, 360...</td>\n",
       "    </tr>\n",
       "    <tr>\n",
       "      <th>31</th>\n",
       "      <td>31</td>\n",
       "      <td>6</td>\n",
       "      <td>32</td>\n",
       "      <td>0.010</td>\n",
       "      <td>0.2</td>\n",
       "      <td>30</td>\n",
       "      <td>86.019997</td>\n",
       "      <td>[2.3386623859405518, 2.3225855827331543, 2.328...</td>\n",
       "      <td>[0, 640, 1280, 1920, 2560, 3200, 3840, 4480, 5...</td>\n",
       "      <td>[2.312999560546875, 0.6073333923339844, 0.5137...</td>\n",
       "      <td>[0, 60000, 120000, 180000, 240000, 300000, 360...</td>\n",
       "    </tr>\n",
       "    <tr>\n",
       "      <th>...</th>\n",
       "      <td>...</td>\n",
       "      <td>...</td>\n",
       "      <td>...</td>\n",
       "      <td>...</td>\n",
       "      <td>...</td>\n",
       "      <td>...</td>\n",
       "      <td>...</td>\n",
       "      <td>...</td>\n",
       "      <td>...</td>\n",
       "      <td>...</td>\n",
       "      <td>...</td>\n",
       "    </tr>\n",
       "    <tr>\n",
       "      <th>101</th>\n",
       "      <td>101</td>\n",
       "      <td>9</td>\n",
       "      <td>256</td>\n",
       "      <td>0.010</td>\n",
       "      <td>1.0</td>\n",
       "      <td>10</td>\n",
       "      <td>8.350000</td>\n",
       "      <td>[2.31144642829895, 2.3155324459075928, 2.31856...</td>\n",
       "      <td>[0, 640, 1280, 1920, 2560, 3200, 3840, 4480, 5...</td>\n",
       "      <td>[2.3217968017578126, 2.3130224609375, 2.309640...</td>\n",
       "      <td>[0, 60000, 120000, 180000, 240000, 300000, 360...</td>\n",
       "    </tr>\n",
       "    <tr>\n",
       "      <th>100</th>\n",
       "      <td>100</td>\n",
       "      <td>6</td>\n",
       "      <td>256</td>\n",
       "      <td>0.010</td>\n",
       "      <td>1.0</td>\n",
       "      <td>10</td>\n",
       "      <td>8.100000</td>\n",
       "      <td>[2.31144642829895, 2.3155324459075928, 2.31856...</td>\n",
       "      <td>[0, 640, 1280, 1920, 2560, 3200, 3840, 4480, 5...</td>\n",
       "      <td>[2.3217968017578126, 2.3130224609375, 2.309640...</td>\n",
       "      <td>[0, 60000, 120000, 180000, 240000, 300000, 360...</td>\n",
       "    </tr>\n",
       "    <tr>\n",
       "      <th>53</th>\n",
       "      <td>53</td>\n",
       "      <td>9</td>\n",
       "      <td>32</td>\n",
       "      <td>0.010</td>\n",
       "      <td>1.0</td>\n",
       "      <td>50</td>\n",
       "      <td>8.050000</td>\n",
       "      <td>[2.3198084831237793, 2.275465965270996, 2.3148...</td>\n",
       "      <td>[0, 640, 1280, 1920, 2560, 3200, 3840, 4480, 5...</td>\n",
       "      <td>[2.3021302978515625, 2.3000744384765626, 2.299...</td>\n",
       "      <td>[0, 60000, 120000, 180000, 240000, 300000, 360...</td>\n",
       "    </tr>\n",
       "    <tr>\n",
       "      <th>20</th>\n",
       "      <td>20</td>\n",
       "      <td>9</td>\n",
       "      <td>32</td>\n",
       "      <td>0.001</td>\n",
       "      <td>1.0</td>\n",
       "      <td>10</td>\n",
       "      <td>7.720000</td>\n",
       "      <td>[2.3537378311157227, 2.2922515869140625, 2.289...</td>\n",
       "      <td>[0, 640, 1280, 1920, 2560, 3200, 3840, 4480, 5...</td>\n",
       "      <td>[2.3217968017578126, 2.3142005126953125, 2.310...</td>\n",
       "      <td>[0, 60000, 120000, 180000, 240000, 300000, 360...</td>\n",
       "    </tr>\n",
       "    <tr>\n",
       "      <th>46</th>\n",
       "      <td>46</td>\n",
       "      <td>6</td>\n",
       "      <td>32</td>\n",
       "      <td>0.010</td>\n",
       "      <td>1.0</td>\n",
       "      <td>10</td>\n",
       "      <td>4.050000</td>\n",
       "      <td>[2.3537378311157227, 2.292309284210205, 2.2915...</td>\n",
       "      <td>[0, 640, 1280, 1920, 2560, 3200, 3840, 4480, 5...</td>\n",
       "      <td>[2.3217968017578126, 2.3074344482421876, 2.307...</td>\n",
       "      <td>[0, 60000, 120000, 180000, 240000, 300000, 360...</td>\n",
       "    </tr>\n",
       "  </tbody>\n",
       "</table>\n",
       "<p>108 rows × 11 columns</p>\n",
       "</div>"
      ],
      "text/plain": [
       "     Unnamed: 0  Epochs  Batch Size  Learning Rate  Dropout Rate  FC1 Nodes  \\\n",
       "35           35       9          32          0.010           0.2         50   \n",
       "32           32       9          32          0.010           0.2         30   \n",
       "34           34       6          32          0.010           0.2         50   \n",
       "44           44       9          32          0.010           0.5         50   \n",
       "31           31       6          32          0.010           0.2         30   \n",
       "..          ...     ...         ...            ...           ...        ...   \n",
       "101         101       9         256          0.010           1.0         10   \n",
       "100         100       6         256          0.010           1.0         10   \n",
       "53           53       9          32          0.010           1.0         50   \n",
       "20           20       9          32          0.001           1.0         10   \n",
       "46           46       6          32          0.010           1.0         10   \n",
       "\n",
       "      Accuracy                                       train_losses  \\\n",
       "35   87.860001  [2.3274571895599365, 2.2662808895111084, 2.290...   \n",
       "32   86.769997  [2.3386623859405518, 2.3225855827331543, 2.328...   \n",
       "34   86.650002  [2.3274571895599365, 2.2662808895111084, 2.290...   \n",
       "44   86.510002  [2.3311424255371094, 2.287510395050049, 2.2955...   \n",
       "31   86.019997  [2.3386623859405518, 2.3225855827331543, 2.328...   \n",
       "..         ...                                                ...   \n",
       "101   8.350000  [2.31144642829895, 2.3155324459075928, 2.31856...   \n",
       "100   8.100000  [2.31144642829895, 2.3155324459075928, 2.31856...   \n",
       "53    8.050000  [2.3198084831237793, 2.275465965270996, 2.3148...   \n",
       "20    7.720000  [2.3537378311157227, 2.2922515869140625, 2.289...   \n",
       "46    4.050000  [2.3537378311157227, 2.292309284210205, 2.2915...   \n",
       "\n",
       "                                         train_counter  \\\n",
       "35   [0, 640, 1280, 1920, 2560, 3200, 3840, 4480, 5...   \n",
       "32   [0, 640, 1280, 1920, 2560, 3200, 3840, 4480, 5...   \n",
       "34   [0, 640, 1280, 1920, 2560, 3200, 3840, 4480, 5...   \n",
       "44   [0, 640, 1280, 1920, 2560, 3200, 3840, 4480, 5...   \n",
       "31   [0, 640, 1280, 1920, 2560, 3200, 3840, 4480, 5...   \n",
       "..                                                 ...   \n",
       "101  [0, 640, 1280, 1920, 2560, 3200, 3840, 4480, 5...   \n",
       "100  [0, 640, 1280, 1920, 2560, 3200, 3840, 4480, 5...   \n",
       "53   [0, 640, 1280, 1920, 2560, 3200, 3840, 4480, 5...   \n",
       "20   [0, 640, 1280, 1920, 2560, 3200, 3840, 4480, 5...   \n",
       "46   [0, 640, 1280, 1920, 2560, 3200, 3840, 4480, 5...   \n",
       "\n",
       "                                           test_losses  \\\n",
       "35   [2.3021302978515625, 0.5811319152832031, 0.487...   \n",
       "32   [2.312999560546875, 0.6073333923339844, 0.5137...   \n",
       "34   [2.3021302978515625, 0.5811319152832031, 0.487...   \n",
       "44   [2.3021302978515625, 0.6238296569824219, 0.537...   \n",
       "31   [2.312999560546875, 0.6073333923339844, 0.5137...   \n",
       "..                                                 ...   \n",
       "101  [2.3217968017578126, 2.3130224609375, 2.309640...   \n",
       "100  [2.3217968017578126, 2.3130224609375, 2.309640...   \n",
       "53   [2.3021302978515625, 2.3000744384765626, 2.299...   \n",
       "20   [2.3217968017578126, 2.3142005126953125, 2.310...   \n",
       "46   [2.3217968017578126, 2.3074344482421876, 2.307...   \n",
       "\n",
       "                                          test_counter  \n",
       "35   [0, 60000, 120000, 180000, 240000, 300000, 360...  \n",
       "32   [0, 60000, 120000, 180000, 240000, 300000, 360...  \n",
       "34   [0, 60000, 120000, 180000, 240000, 300000, 360...  \n",
       "44   [0, 60000, 120000, 180000, 240000, 300000, 360...  \n",
       "31   [0, 60000, 120000, 180000, 240000, 300000, 360...  \n",
       "..                                                 ...  \n",
       "101  [0, 60000, 120000, 180000, 240000, 300000, 360...  \n",
       "100  [0, 60000, 120000, 180000, 240000, 300000, 360...  \n",
       "53   [0, 60000, 120000, 180000, 240000, 300000, 360...  \n",
       "20   [0, 60000, 120000, 180000, 240000, 300000, 360...  \n",
       "46   [0, 60000, 120000, 180000, 240000, 300000, 360...  \n",
       "\n",
       "[108 rows x 11 columns]"
      ]
     },
     "execution_count": 5,
     "metadata": {},
     "output_type": "execute_result"
    }
   ],
   "source": [
    "df.sort_values('Accuracy', ascending=False)"
   ]
  },
  {
   "cell_type": "code",
   "execution_count": 6,
   "id": "d09259d2",
   "metadata": {},
   "outputs": [
    {
     "data": {
      "text/html": [
       "<div>\n",
       "<style scoped>\n",
       "    .dataframe tbody tr th:only-of-type {\n",
       "        vertical-align: middle;\n",
       "    }\n",
       "\n",
       "    .dataframe tbody tr th {\n",
       "        vertical-align: top;\n",
       "    }\n",
       "\n",
       "    .dataframe thead th {\n",
       "        text-align: right;\n",
       "    }\n",
       "</style>\n",
       "<table border=\"1\" class=\"dataframe\">\n",
       "  <thead>\n",
       "    <tr style=\"text-align: right;\">\n",
       "      <th></th>\n",
       "      <th>Unnamed: 0</th>\n",
       "      <th>Epochs</th>\n",
       "      <th>Batch Size</th>\n",
       "      <th>Learning Rate</th>\n",
       "      <th>Dropout Rate</th>\n",
       "      <th>FC1 Nodes</th>\n",
       "      <th>Accuracy</th>\n",
       "      <th>train_losses</th>\n",
       "      <th>train_counter</th>\n",
       "      <th>test_losses</th>\n",
       "      <th>test_counter</th>\n",
       "    </tr>\n",
       "  </thead>\n",
       "  <tbody>\n",
       "    <tr>\n",
       "      <th>46</th>\n",
       "      <td>46</td>\n",
       "      <td>6</td>\n",
       "      <td>32</td>\n",
       "      <td>0.010</td>\n",
       "      <td>1.0</td>\n",
       "      <td>10</td>\n",
       "      <td>4.050000</td>\n",
       "      <td>[2.3537378311157227, 2.292309284210205, 2.2915...</td>\n",
       "      <td>[0, 640, 1280, 1920, 2560, 3200, 3840, 4480, 5...</td>\n",
       "      <td>[2.3217968017578126, 2.3074344482421876, 2.307...</td>\n",
       "      <td>[0, 60000, 120000, 180000, 240000, 300000, 360...</td>\n",
       "    </tr>\n",
       "    <tr>\n",
       "      <th>20</th>\n",
       "      <td>20</td>\n",
       "      <td>9</td>\n",
       "      <td>32</td>\n",
       "      <td>0.001</td>\n",
       "      <td>1.0</td>\n",
       "      <td>10</td>\n",
       "      <td>7.720000</td>\n",
       "      <td>[2.3537378311157227, 2.2922515869140625, 2.289...</td>\n",
       "      <td>[0, 640, 1280, 1920, 2560, 3200, 3840, 4480, 5...</td>\n",
       "      <td>[2.3217968017578126, 2.3142005126953125, 2.310...</td>\n",
       "      <td>[0, 60000, 120000, 180000, 240000, 300000, 360...</td>\n",
       "    </tr>\n",
       "    <tr>\n",
       "      <th>53</th>\n",
       "      <td>53</td>\n",
       "      <td>9</td>\n",
       "      <td>32</td>\n",
       "      <td>0.010</td>\n",
       "      <td>1.0</td>\n",
       "      <td>50</td>\n",
       "      <td>8.050000</td>\n",
       "      <td>[2.3198084831237793, 2.275465965270996, 2.3148...</td>\n",
       "      <td>[0, 640, 1280, 1920, 2560, 3200, 3840, 4480, 5...</td>\n",
       "      <td>[2.3021302978515625, 2.3000744384765626, 2.299...</td>\n",
       "      <td>[0, 60000, 120000, 180000, 240000, 300000, 360...</td>\n",
       "    </tr>\n",
       "    <tr>\n",
       "      <th>100</th>\n",
       "      <td>100</td>\n",
       "      <td>6</td>\n",
       "      <td>256</td>\n",
       "      <td>0.010</td>\n",
       "      <td>1.0</td>\n",
       "      <td>10</td>\n",
       "      <td>8.100000</td>\n",
       "      <td>[2.31144642829895, 2.3155324459075928, 2.31856...</td>\n",
       "      <td>[0, 640, 1280, 1920, 2560, 3200, 3840, 4480, 5...</td>\n",
       "      <td>[2.3217968017578126, 2.3130224609375, 2.309640...</td>\n",
       "      <td>[0, 60000, 120000, 180000, 240000, 300000, 360...</td>\n",
       "    </tr>\n",
       "    <tr>\n",
       "      <th>101</th>\n",
       "      <td>101</td>\n",
       "      <td>9</td>\n",
       "      <td>256</td>\n",
       "      <td>0.010</td>\n",
       "      <td>1.0</td>\n",
       "      <td>10</td>\n",
       "      <td>8.350000</td>\n",
       "      <td>[2.31144642829895, 2.3155324459075928, 2.31856...</td>\n",
       "      <td>[0, 640, 1280, 1920, 2560, 3200, 3840, 4480, 5...</td>\n",
       "      <td>[2.3217968017578126, 2.3130224609375, 2.309640...</td>\n",
       "      <td>[0, 60000, 120000, 180000, 240000, 300000, 360...</td>\n",
       "    </tr>\n",
       "    <tr>\n",
       "      <th>...</th>\n",
       "      <td>...</td>\n",
       "      <td>...</td>\n",
       "      <td>...</td>\n",
       "      <td>...</td>\n",
       "      <td>...</td>\n",
       "      <td>...</td>\n",
       "      <td>...</td>\n",
       "      <td>...</td>\n",
       "      <td>...</td>\n",
       "      <td>...</td>\n",
       "      <td>...</td>\n",
       "    </tr>\n",
       "    <tr>\n",
       "      <th>31</th>\n",
       "      <td>31</td>\n",
       "      <td>6</td>\n",
       "      <td>32</td>\n",
       "      <td>0.010</td>\n",
       "      <td>0.2</td>\n",
       "      <td>30</td>\n",
       "      <td>86.019997</td>\n",
       "      <td>[2.3386623859405518, 2.3225855827331543, 2.328...</td>\n",
       "      <td>[0, 640, 1280, 1920, 2560, 3200, 3840, 4480, 5...</td>\n",
       "      <td>[2.312999560546875, 0.6073333923339844, 0.5137...</td>\n",
       "      <td>[0, 60000, 120000, 180000, 240000, 300000, 360...</td>\n",
       "    </tr>\n",
       "    <tr>\n",
       "      <th>44</th>\n",
       "      <td>44</td>\n",
       "      <td>9</td>\n",
       "      <td>32</td>\n",
       "      <td>0.010</td>\n",
       "      <td>0.5</td>\n",
       "      <td>50</td>\n",
       "      <td>86.510002</td>\n",
       "      <td>[2.3311424255371094, 2.287510395050049, 2.2955...</td>\n",
       "      <td>[0, 640, 1280, 1920, 2560, 3200, 3840, 4480, 5...</td>\n",
       "      <td>[2.3021302978515625, 0.6238296569824219, 0.537...</td>\n",
       "      <td>[0, 60000, 120000, 180000, 240000, 300000, 360...</td>\n",
       "    </tr>\n",
       "    <tr>\n",
       "      <th>34</th>\n",
       "      <td>34</td>\n",
       "      <td>6</td>\n",
       "      <td>32</td>\n",
       "      <td>0.010</td>\n",
       "      <td>0.2</td>\n",
       "      <td>50</td>\n",
       "      <td>86.650002</td>\n",
       "      <td>[2.3274571895599365, 2.2662808895111084, 2.290...</td>\n",
       "      <td>[0, 640, 1280, 1920, 2560, 3200, 3840, 4480, 5...</td>\n",
       "      <td>[2.3021302978515625, 0.5811319152832031, 0.487...</td>\n",
       "      <td>[0, 60000, 120000, 180000, 240000, 300000, 360...</td>\n",
       "    </tr>\n",
       "    <tr>\n",
       "      <th>32</th>\n",
       "      <td>32</td>\n",
       "      <td>9</td>\n",
       "      <td>32</td>\n",
       "      <td>0.010</td>\n",
       "      <td>0.2</td>\n",
       "      <td>30</td>\n",
       "      <td>86.769997</td>\n",
       "      <td>[2.3386623859405518, 2.3225855827331543, 2.328...</td>\n",
       "      <td>[0, 640, 1280, 1920, 2560, 3200, 3840, 4480, 5...</td>\n",
       "      <td>[2.312999560546875, 0.6073333923339844, 0.5137...</td>\n",
       "      <td>[0, 60000, 120000, 180000, 240000, 300000, 360...</td>\n",
       "    </tr>\n",
       "    <tr>\n",
       "      <th>35</th>\n",
       "      <td>35</td>\n",
       "      <td>9</td>\n",
       "      <td>32</td>\n",
       "      <td>0.010</td>\n",
       "      <td>0.2</td>\n",
       "      <td>50</td>\n",
       "      <td>87.860001</td>\n",
       "      <td>[2.3274571895599365, 2.2662808895111084, 2.290...</td>\n",
       "      <td>[0, 640, 1280, 1920, 2560, 3200, 3840, 4480, 5...</td>\n",
       "      <td>[2.3021302978515625, 0.5811319152832031, 0.487...</td>\n",
       "      <td>[0, 60000, 120000, 180000, 240000, 300000, 360...</td>\n",
       "    </tr>\n",
       "  </tbody>\n",
       "</table>\n",
       "<p>108 rows × 11 columns</p>\n",
       "</div>"
      ],
      "text/plain": [
       "     Unnamed: 0  Epochs  Batch Size  Learning Rate  Dropout Rate  FC1 Nodes  \\\n",
       "46           46       6          32          0.010           1.0         10   \n",
       "20           20       9          32          0.001           1.0         10   \n",
       "53           53       9          32          0.010           1.0         50   \n",
       "100         100       6         256          0.010           1.0         10   \n",
       "101         101       9         256          0.010           1.0         10   \n",
       "..          ...     ...         ...            ...           ...        ...   \n",
       "31           31       6          32          0.010           0.2         30   \n",
       "44           44       9          32          0.010           0.5         50   \n",
       "34           34       6          32          0.010           0.2         50   \n",
       "32           32       9          32          0.010           0.2         30   \n",
       "35           35       9          32          0.010           0.2         50   \n",
       "\n",
       "      Accuracy                                       train_losses  \\\n",
       "46    4.050000  [2.3537378311157227, 2.292309284210205, 2.2915...   \n",
       "20    7.720000  [2.3537378311157227, 2.2922515869140625, 2.289...   \n",
       "53    8.050000  [2.3198084831237793, 2.275465965270996, 2.3148...   \n",
       "100   8.100000  [2.31144642829895, 2.3155324459075928, 2.31856...   \n",
       "101   8.350000  [2.31144642829895, 2.3155324459075928, 2.31856...   \n",
       "..         ...                                                ...   \n",
       "31   86.019997  [2.3386623859405518, 2.3225855827331543, 2.328...   \n",
       "44   86.510002  [2.3311424255371094, 2.287510395050049, 2.2955...   \n",
       "34   86.650002  [2.3274571895599365, 2.2662808895111084, 2.290...   \n",
       "32   86.769997  [2.3386623859405518, 2.3225855827331543, 2.328...   \n",
       "35   87.860001  [2.3274571895599365, 2.2662808895111084, 2.290...   \n",
       "\n",
       "                                         train_counter  \\\n",
       "46   [0, 640, 1280, 1920, 2560, 3200, 3840, 4480, 5...   \n",
       "20   [0, 640, 1280, 1920, 2560, 3200, 3840, 4480, 5...   \n",
       "53   [0, 640, 1280, 1920, 2560, 3200, 3840, 4480, 5...   \n",
       "100  [0, 640, 1280, 1920, 2560, 3200, 3840, 4480, 5...   \n",
       "101  [0, 640, 1280, 1920, 2560, 3200, 3840, 4480, 5...   \n",
       "..                                                 ...   \n",
       "31   [0, 640, 1280, 1920, 2560, 3200, 3840, 4480, 5...   \n",
       "44   [0, 640, 1280, 1920, 2560, 3200, 3840, 4480, 5...   \n",
       "34   [0, 640, 1280, 1920, 2560, 3200, 3840, 4480, 5...   \n",
       "32   [0, 640, 1280, 1920, 2560, 3200, 3840, 4480, 5...   \n",
       "35   [0, 640, 1280, 1920, 2560, 3200, 3840, 4480, 5...   \n",
       "\n",
       "                                           test_losses  \\\n",
       "46   [2.3217968017578126, 2.3074344482421876, 2.307...   \n",
       "20   [2.3217968017578126, 2.3142005126953125, 2.310...   \n",
       "53   [2.3021302978515625, 2.3000744384765626, 2.299...   \n",
       "100  [2.3217968017578126, 2.3130224609375, 2.309640...   \n",
       "101  [2.3217968017578126, 2.3130224609375, 2.309640...   \n",
       "..                                                 ...   \n",
       "31   [2.312999560546875, 0.6073333923339844, 0.5137...   \n",
       "44   [2.3021302978515625, 0.6238296569824219, 0.537...   \n",
       "34   [2.3021302978515625, 0.5811319152832031, 0.487...   \n",
       "32   [2.312999560546875, 0.6073333923339844, 0.5137...   \n",
       "35   [2.3021302978515625, 0.5811319152832031, 0.487...   \n",
       "\n",
       "                                          test_counter  \n",
       "46   [0, 60000, 120000, 180000, 240000, 300000, 360...  \n",
       "20   [0, 60000, 120000, 180000, 240000, 300000, 360...  \n",
       "53   [0, 60000, 120000, 180000, 240000, 300000, 360...  \n",
       "100  [0, 60000, 120000, 180000, 240000, 300000, 360...  \n",
